40672
41568
42680
43476
44696
45200
46144
47224
47668
48644
49444
51452
52652
53516
54676
55424
57364
58764
60172
62332
64428
66592
67464
68756
69584
71840
72484
73740
75408
77760
79544
81564
83876
85564
87224
89408
91460
92284
94196
95004
96388
100420
103736
106528
108256
112364
114492
119384
124860
130152
134652
142656
149424
156088
162384
165328
167572
173748
182328
188532
196288
206268
208464
213008
219892
224772
229704
235948
241296
248648
255176
263056
271352
284116
292900
301924
309756
317208
324720
339304
355992
367992
372820
376628
383004
386516
389560
393644
403236
415804
428960
437264
447840
459552
465180
475372
486096
495352
503872
514788
518612
523844
530220
533844
552484
567420
581680
595760
610948
621168
631392
644068
656160
669792
679132
681232
691928
695624
697684
696768
694008
701572
704796
706716
710008
714744
721660
727332
733952
745360
750068
758768
772656
783660
800784
810788
823972
828856
832976
840680
844208
852904
864544
877680
891748
899412
912564
923980
934612
935212
938872
953496
975240
994172
1021308
1040988
1070188
1099448
1121768
1132880
1149924
1152860
1138804
1136584
1158640
1185892
1204144
1226100
1250088
1237720
1258296
1272884
1296216
1328148
1351480
1367080
1380324
1399608
1436992
1469436
1476000
1490716
1504936
1514764
1547276
1576612
1582248
1604508
1637296
1677448
1694512
1618908
1557232
1548488
1567924
1611692
1644032
1653240
1665372
1701548
1737952
1759852
1785748
1812700
1815120
1818984
1830636
1844064
1876844
1886592
1912428
1933124
1963452
1988404
2013792
2013944
1984300
1984920
2000864
1991680
1998420
2002152
2035420
2066148
2107708
2130892
2143864
2181964
2202260
2219616
2244092
2229456
2261964
2305784
2312064
2335700
2275320
1989784