20540
20944
21460
21788
22180
22668
23032
23264
23568
24028
24552
25124
25668
26124
26968
27556
28372
29040
30016
31092
32184
33088
33844
34916
35916
36748
37552
38052
38712
39776
40648
42052
43408
44340
45644
46868
48020
48240
49092
50052
51060
53132
54404
55628
57360
58872
60760
63440
66048
68128
69580
73212
77076
80020
84696
88492
90844
94596
98656
101128
105944
111132
111248
117324
119164
122428
124724
127244
129320
132628
135464
139448
143504
148496
153668
158112
163180
167252
172616
179520
187012
194668
200080
205360
209508
210760
209084
211244
212724
218860
223236
226548
229856
235020
239832
244472
249036
253428
258268
262864
266436
270516
274472
279912
286528
293732
299128
306768
315664
322440
328240
335088
341748
348980
353472
359240
364680
369808
371316
374212
376136
378680
382476
385104
386156
389180
390964
392728
394972
395812
397616
398064
400212
406644
410140
413544
416924
419392
423404
424792
425488
427936
432904
440640
445044
452520
462572
465160
471780
478508
483120
490476
493916
502224
510992
521372
533900
550864
558748
564580
570652
573432
575612
579484
586464
592396
600148
609604
614400
616520
622344
631568
642544
654036
662556
667896
676436
687544
699376
710392
720152
733120
744460
755320
769332
781976
787436
796976
810872
820104
824156
823776
813524
808560
809620
816588
822220
831500
841988
855024
871464
877708
886260
896748
906596
918772
930300
937984
949648
955104
964012
975952
983524
993724
1006504
1010100
1021492
1027372
1028580
1029940
1020836
1022816
1026748
1035532
1046116
1059256
1078860
1095592
1108724
1114912
1122508
1135936
1147548
1164212
1178668
1193904
1182012
1076812